24,114,226
55108,-18,116,238
55110,-20,116,234
55111,-16,114,232
55113,-20,118,234
55114,-22,114,232
55116,-18,114,230
55118,-4,226
55108,-18,116,238
55110,-20,116,234
55111,-16,114,232
55113,-20,118,234
55114,-22,114,232
55116,-18,114,230
55118,-14,120,234
55119,-16,112,236
55121,-14,112,232
55123,-24,118,232
55124,-20,126,238
55126,-18,112,238
55127,-14,112,242
55129,-18,118,238
nan

5,-16,116,236
6,-20,122,236
7,-20,112,226
8,-22,120,242
9,-22,114,238
10,-16,108,240
11,-22,112,228
12,-18,110,250
13,-18,116,242
15,-22,116,228
16,-26,116,240
17,-18,126,234
18,-24,112,242
19,-16,116,236
20,-18,114,238
21,-22,114,238
22,-18,116,236
23,-20,120,234
24,-20,112,236
26,-18,116,238
27,-20,116,248
28,-14,112,240
29,-20,116,238
30,-22,100,230
31,-20,120,234
32,-20,108,232
33,-18,114,236
34,-18,112,236
35,-18,114,234
37,-22,114,238
38,-18,114,238
39,-24,118,236
40,-18,124,238
41,-20,112,246
42,-10,112,230
43,-16,114,236
44,-18,114,248
45,-24,112,220
46,-18,112,234
48,-22,112,242
49,-16,114,244
50,-22,114,238
52,-18,116,236
53,-14,112,236
55,-20,116,238
56,-22,118,236
57,-20,116,234
59,-16,122,236
60,-18,110,230
61,-18,116,240
63,-20,116,232
64,-20,114,230
66,-22,116,242
67,-18,112,232
68,-24,110,234
70,-20,112,232
71,-20,114,236
72,-22,118,234
74,-14,110,236
75,-22,112,234
77,-18,116,238
78,-24,112,234
79,-20,112,238
81,-18,114,234
82,-20,114,234
83,-16,120,240
85,-20,114,236
86,-16,118,242
87,-18,116,228
89,-22,116,214
90,-20,120,236
92,-28,112,236
93,-32,122,240
94,-20,118,240
96,-20,120,230
97,-16,122,232
98,-24,118,230
100,-24,116,236
101,-10,116,236
103,-18,120,238
104,-18,98,236
106,-18,110,234
107,-8,108,236
108,-18,118,232
110,-16,116,230
111,-16,118,238
113,-10,110,234
114,-16,112,234
116,-16,114,236
117,-22,112,234
119,-22,116,232
120,-16,108,236
122,-22,114,212
123,-16,114,228
124,-20,114,242
126,-20,118,228
127,-18,116,238
129,-18,110,236
130,-16,112,232
132,-30,114,240
133,-20,112,236
135,-20,118,242
136,-24,120,242
138,-22,116,238
139,-16,126,236
140,-20,118,238
142,-18,114,230
143,-20,118,236
145,-22,114,230
146,-16,116,230
148,-18,112,240
149,-20,114,236
151,-18,114,232
152,-26,116,238
154,-22,114,236
155,-20,112,236
156,-18,120,240
158,-18,122,232
159,-20,116,232
161,-18,116,226
162,-22,114,232
164,-20,112,234
165,-16,116,236
167,-16,120,234
168,-12,114,238
170,-22,114,236
171,-20,108,230
173,-24,114,244
174,-20,120,230
175,-16,114,236
177,-20,112,232
178,-18,112,232
180,-22,122,238
181,-18,120,232
183,-22,118,234
184,-14,114,236
186,-20,114,238
187,-16,108,232
189,-18,114,238
190,-20,116,226
191,-20,110,232
193,-20,120,216
194,-18,120,230
196,-20,114,238
197,-18,114,236
199,-18,108,236
200,-10,112,232
202,-20,114,234
203,-20,106,240
205,-14,116,236
206,-22,112,236
207,-20,112,236
209,-24,116,238
210,-20,116,232
212,-16,116,236
213,-20,114,224
215,-20,116,236
216,-8,116,240
218,-18,112,236
219,-20,116,232
221,-22,118,240
222,-12,110,240
223,-20,116,234
225,-12,102,234
226,-18,112,234
228,-22,114,230
229,-16,110,238
231,-20,116,238
232,-16,114,224
234,-16,112,232
235,-14,110,228
237,-20,112,236
238,-10,112,238
239,-20,112,240
241,-20,98,238
242,-20,118,238
244,-8,108,236
245,-14,110,236
247,-20,118,232
248,-18,118,232
249,-10,110,232
251,-22,112,236
252,-20,108,230
254,-20,112,238
255,-20,120,244
257,-14,108,224
258,-20,112,238
260,-20,116,242
261,-22,114,236
263,-22,112,234
264,-20,114,240
266,-18,128,236
267,-18,118,236
268,-18,114,238
270,-18,122,228
271,-18,114,256
273,-16,114,238
274,-20,112,238
276,-20,112,250
277,-22,118,236
279,-28,120,236
280,-18,112,240
282,-22,114,232
283,-22,114,232
284,-22,120,226
286,-14,118,230
287,-14,112,240
289,-18,114,236
290,-22,118,238
292,-16,112,236
293,-20,118,236
295,-20,116,238
296,-20,112,238
298,-16,114,230
299,-18,112,234
300,-26,120,216
302,-24,122,236
303,-20,112,238
305,-20,114,238
306,-16,114,236
308,-14,110,240
309,-20,116,234
311,-16,106,232
312,-18,116,238
314,-18,114,230
315,-18,110,236
317,-18,110,236
318,-20,116,232
319,-20,112,234
321,-16,114,220
322,-16,118,236
324,-6,112,238
325,-24,120,240
327,-20,116,228
328,-20,110,228
330,-20,122,234
331,-16,114,234
332,-12,114,236
334,-14,116,236
335,-20,114,256
337,-18,112,236
338,-16,112,238
340,-18,108,250
341,-18,116,236
343,-26,116,238
344,-16,110,236
346,-18,114,238
347,-20,112,240
348,-18,112,226
350,-18,110,232
351,-18,114,236
353,-16,110,236
354,-20,114,238
356,-8,112,236
357,-20,114,234
359,-14,114,240
360,-20,116,238
362,-22,106,236
363,-20,116,234
364,-26,120,234
366,-18,116,234
367,-28,118,236
369,-20,114,232
370,-14,114,238
372,-22,110,234
373,-26,120,240
375,-20,112,238
376,-22,114,240
378,-20,114,226
379,-16,112,236
380,-4,108,238
382,-18,112,234
383,-18,114,246
385,-20,114,240
386,-16,124,232
388,-20,116,234
389,-16,114,238
391,-18,116,232
392,-18,114,248
393,-18,122,234
395,-14,116,236
396,-22,110,248
398,-18,112,234
399,-26,116,242
401,-20,114,236
402,-20,114,234
404,-22,118,234
405,-16,114,226
407,-16,120,238
408,-22,114,238
410,-18,118,228
411,-20,118,240
412,-16,112,234
414,-18,116,242
415,-20,112,236
417,-18,116,234
418,-22,110,234
420,-14,108,236
421,-16,116,218
423,-22,118,232
424,-20,114,232
426,-14,114,234
427,-22,118,240
428,-10,118,236
430,-16,118,236
431,-16,110,238
433,-10,116,238
434,-20,120,246
436,-14,112,234
437,-22,112,236
439,-20,120,240
440,-18,118,240
442,-22,118,240
443,-24,116,238
444,-18,124,228
446,-16,114,236
447,-18,116,236
449,-22,122,234
450,-24,116,244
452,-18,114,238
453,-16,110,240
455,-20,114,252
456,-20,120,234
458,-20,112,240
459,-18,114,238
461,-24,112,236
462,-26,114,238
463,-22,114,220
465,-18,114,240
466,-18,114,238
468,-18,114,236
469,-16,114,238
471,-12,114,234
472,-16,112,232
474,-20,106,236
475,-20,114,238
477,-20,116,236
478,-18,110,238
479,-18,110,240
481,-22,118,232
482,-22,116,236
484,-18,114,228
485,-18,114,238
487,0,106,236
488,-18,112,232
489,-18,112,234
491,-16,114,244
492,-22,118,240
494,-20,116,238
495,-20,114,234
497,-18,112,236
498,-12,114,236
500,-20,114,238
501,-22,118,240
503,-18,112,234
504,-16,114,248
506,-16,110,230
507,-18,110,234
508,-24,116,246
510,-16,114,238
511,-22,112,242
513,-20,116,238
514,-14,118,234
516,-20,112,240
517,-18,116,236
519,-20,120,236
520,-20,118,252
522,-20,114,236
523,-20,112,240
524,-22,118,248
526,-20,116,242
527,-26,114,238
529,-16,114,236
530,-20,128,234
532,-20,120,238
533,-16,110,228
535,-16,122,230
536,-20,118,238
538,-16,118,230
539,-20,116,242
540,-22,110,250
542,-20,116,230
543,-16,110,238
545,-20,120,232
546,-16,114,234
548,-24,114,242
549,-18,112,220
551,-24,116,244
552,-20,112,238
554,-18,120,230
555,-16,114,234
557,-8,114,238
558,-14,114,236
559,-20,116,234
561,-18,118,236
562,-10,116,232
564,-18,116,238
565,-18,110,232
567,-18,114,236
568,-22,118,236
570,-18,108,232
571,-20,114,236
572,-18,112,230
574,-22,118,236
575,-20,114,244
577,-22,120,232
578,-18,122,234
580,-16,112,234
581,-16,112,240
583,-20,124,230
584,-20,114,242
586,-16,114,232
587,-20,118,234
588,-12,108,234
590,-18,118,240
591,-14,104,238
593,-24,120,236
594,-22,118,236
596,-20,112,238
597,-20,116,236
599,-20,118,234
600,-16,116,240
602,-16,116,242
603,-16,116,234
605,-20,122,232
606,-20,114,238
607,-24,112,238
609,-20,114,238
610,-20,112,246
612,-16,114,232
613,-20,114,234
615,-20,118,242
616,-16,112,230
618,-20,114,246
619,-18,118,236
621,-20,120,234
622,-20,114,240
623,-20,116,238
625,-20,120,236
626,-24,112,234
628,-16,114,234
629,-20,114,238
631,-14,112,232
632,-20,116,234
634,-14,108,230
635,-20,114,240
637,-22,120,238
638,-18,116,240
639,-18,112,230
641,-20,118,228
642,-22,114,238
644,-20,118,234
645,-16,112,238
647,-12,112,236
648,-24,116,240
650,-18,108,234
651,-18,112,234
653,-16,118,242
654,-16,114,238
656,-18,116,232
657,-22,114,234
658,-18,114,234
660,-22,118,246
661,-16,112,238
663,-16,120,238
664,-24,114,236
666,-18,112,238
667,-12,116,240
669,-18,116,252
670,-18,114,234
672,-16,114,234
673,-24,110,246
674,-24,116,226
676,-24,114,240
677,-20,108,232
679,-20,126,234
680,-18,116,238
682,-20,118,230
683,-20,120,234
685,-22,116,238
686,-20,120,228
688,-12,114,236
689,-20,110,232
690,-18,120,236
692,-24,112,236
693,-18,112,236
695,-24,118,230
696,-18,112,230
698,-24,114,232
699,-24,114,232
701,-20,114,234
702,-26,114,238
704,-18,110,236
705,-18,124,238
707,-24,114,236
708,-18,118,238
709,-20,114,234
711,-20,114,234
712,-22,116,230
714,-16,114,240
715,-18,114,232
717,-20,120,230
718,-16,108,240
720,-20,118,236
721,-20,112,236
723,-20,120,242
724,-16,114,230
725,-18,114,228
727,-16,112,238
728,-18,118,236
730,-18,120,234
731,-10,118,238
733,-16,112,236
734,-16,106,236
736,-18,114,232
737,-24,118,232
739,-20,106,236
740,-16,114,216
741,-18,114,236
743,-16,112,234
744,-16,108,232
746,-20,116,238
747,-12,114,238
749,-22,118,240
750,-18,106,238
752,-18,114,232
753,-22,120,232
755,-16,108,236
756,-20,116,236
758,-16,116,236
759,-16,112,236
760,-14,114,224
762,-18,118,236
763,-6,118,234
765,-20,112,244
766,-24,118,236
768,-20,116,232
769,-8,114,238
770,-20,118,234
772,-20,116,236
773,-20,114,240
775,-12,112,232
776,-20,116,240
778,-20,108,238
779,-20,112,236
781,-16,116,232
782,-18,114,238
784,-20,116,224
785,-18,114,236
786,-16,114,234
788,-16,114,236
789,-18,114,236
791,-6,112,234
792,-22,114,240
794,-20,110,232
795,-20,118,234
797,-10,112,236
798,-18,120,236
800,-18,112,234
801,-22,114,240
802,-20,114,250
804,-20,114,238
805,-20,114,240
807,-24,116,234
808,-18,114,230
810,-22,114,240
811,-20,112,240
813,-20,122,236
814,-22,118,238
816,-16,114,240
817,-18,116,242
818,-20,116,250
820,-16,120,236
821,-22,116,238
823,-22,118,246
824,-20,112,236
826,-28,114,240
827,-20,118,234
829,-12,124,234
830,-20,114,230
832,-18,116,234
833,-16,120,232
834,-16,114,246
836,-16,114,240
837,-18,114,234
839,-20,114,252
840,-20,112,238
842,-26,114,236
843,-20,114,234
845,-20,116,234
846,-26,110,240
848,-18,110,218
849,-18,124,230
851,-18,114,240
852,-18,112,236
853,-20,116,234
855,-24,112,236
856,-20,112,240
858,-16,106,240
859,-20,118,236
861,-18,116,232
862,-20,112,238
864,-22,120,236
865,-18,120,236
867,-16,112,236
868,-18,114,228
869,-20,116,236
871,-10,110,232
872,-16,112,232
874,-16,104,240
875,-10,118,232
877,-18,114,236
878,-18,108,238
880,-14,112,240
881,-18,116,236
883,-20,118,234
884,-26,114,236
885,-16,112,232
887,-18,128,238
888,-20,112,240
890,-18,116,236
891,-18,118,236
893,-22,112,240
894,-20,114,238
896,-20,114,234
897,-18,114,230
899,-20,118,234
900,-32,112,238
902,-18,114,238
903,-20,116,236
904,-24,110,236
906,-18,114,242
907,-20,120,228
909,-18,112,236
910,-16,110,224
912,-20,118,236
913,-10,114,236
915,-18,112,238
916,-20,98,240
917,-16,112,238
919,-14,112,234
920,-20,112,238
922,-16,104,232
923,-22,112,240
925,-18,114,232
926,-18,114,240
928,-18,118,234
929,-22,118,234
931,-20,118,238
932,-18,114,220
933,-16,116,238
935,-6,110,238
936,-18,110,238
938,-20,116,226
939,-18,112,234
941,-10,112,238
942,-18,112,238
944,-16,104,230
945,-16,112,242
947,-18,112,236
948,-16,112,234
949,-18,114,238
951,-16,116,236
952,-16,112,238
954,-22,116,240
955,-20,118,244
957,-20,120,236
958,-22,114,238
960,-20,116,242
961,-16,114,234
963,-18,112,240
964,-16,116,242
965,-16,112,236
967,-22,112,244
968,-18,114,234
970,-32,120,238
971,-18,112,234
973,-16,124,234
974,-20,112,236
976,-18,112,222
977,-16,122,228
979,-20,118,236
980,-20,116,234
981,-16,116,230
983,-10,118,232
984,-20,116,230
986,-18,102,236
987,-14,116,238
989,-20,116,240
990,-22,112,232
992,-18,110,238
993,-16,112,230
995,-20,118,234
996,-16,112,234
998,-14,114,234
999,-16,126,238
1000,-16,112,232
1002,-18,116,236
1004,-16,114,234
1005,-18,114,232
1007,-18,116,232
1008,-12,110,236
1010,-20,112,236
1011,-24,118,232
1013,-20,118,230
1014,-10,110,236
1016,-20,106,240
1017,-14,112,240
1019,-16,114,232
1020,-16,114,240
1022,-28,118,234
1024,-20,114,232
1025,-22,116,236
1027,-18,116,240
1028,-20,114,238
1030,-20,118,234
1031,-16,116,230
1033,-24,118,232
1034,-20,112,234
1036,-18,114,240
1037,-20,114,232
1039,-18,114,232
1041,-20,112,250
1042,-24,114,240
1044,-16,112,232
1045,-20,114,236
1047,-18,110,248
1048,-28,120,236
1050,-20,126,238
1051,-12,110,238
1053,-22,114,238
1054,-20,112,232
1056,-20,108,232
1058,-18,120,232
1059,-16,110,240
1061,-18,118,236
1062,-12,116,234
1064,-22,114,236
1065,-18,118,240
1067,-26,118,246
1068,-22,118,244
1070,-20,114,232
1071,-20,118,244
1073,-16,114,232
1074,-20,110,222
1076,-8,110,240
1077,-16,116,234
1079,-16,114,250
1081,-22,114,236
1082,-22,120,236
1084,-22,116,236
1085,-16,118,236
1087,-24,110,236
1088,-6,108,240
1090,-14,112,234
1091,-16,114,232
1093,-16,116,236
1094,-20,114,236
1096,-18,116,232
1097,-12,112,238
1099,-18,116,244
1101,-20,112,234
1102,-20,116,236
1104,-20,112,232
1105,-30,122,232
1107,-20,112,232
1108,-20,114,236
1110,-22,116,240
1111,-32,120,240
1113,-20,114,240
1114,-20,118,236
1116,-20,108,234
1118,-20,116,238
1119,-14,112,244
1121,-22,124,232
1122,-16,114,232
1124,-18,112,236
1125,-20,120,240
1127,-20,118,230
1128,-16,110,236
1130,-24,112,246
1131,-20,112,248
1133,-20,112,240
1134,-16,110,236
1136,-20,120,238
1138,-18,112,248
1139,-22,114,238
1141,-16,116,234
1142,-16,112,236
1144,-28,120,236
1145,-20,114,222
1147,-10,112,240
1148,-20,112,236
1150,-22,118,234
1151,-16,116,236
1153,-14,116,226
1155,-16,108,238
1156,-20,114,234
1158,-24,118,238
1159,-16,116,236
1161,-14,114,234
1162,-18,128,234
1164,-18,114,232
1165,-22,112,234
1167,-20,114,234
1168,-20,118,232
1170,-20,112,236
1172,-16,112,226
1173,-16,110,238
1175,-24,114,240
1176,-20,110,236
1178,-18,112,238
1179,-18,114,256
1181,-20,114,240
1182,-12,116,238
1184,-16,112,238
1185,-16,114,232
1187,-20,116,220
1188,-10,112,238
1190,-16,102,240
1192,-22,118,238
1193,-20,110,236
1195,-22,114,240
1196,-24,116,242
1198,-18,112,236
1199,-16,112,230
1201,-20,118,234
1202,-18,114,238
1204,-18,112,240
1205,-18,124,232
1207,-20,116,240
1209,-16,116,232
1210,-18,114,232
1212,-22,118,232
1213,-18,100,236
1215,-18,114,246
1216,-16,112,246
1218,-20,116,232
1219,-20,114,236
1221,-18,114,236
1222,-20,118,234
1224,-20,120,236
1226,-12,114,238
1227,-16,114,240
1229,-18,116,236
1230,-20,116,224
1232,-16,112,236
1233,-24,112,238
1235,-20,110,240
1236,-16,120,236
1238,-18,108,234
1239,-32,118,234
1241,-18,114,240
1242,-18,112,238
1244,-20,114,238
1246,-18,116,232
1247,-18,112,242
1249,-24,126,236
1250,-20,114,240
1252,-24,114,236
1253,-20,112,240
1255,-22,120,240
1256,-20,108,232
1258,-18,116,236
1259,-16,116,242
1261,-20,114,240
1263,-20,118,236
1264,-16,116,238
1266,-18,116,238
1267,-16,114,236
1269,-14,114,234
1270,-20,116,236
1272,-16,112,238
1273,-22,116,236
1275,-24,114,254
1276,-20,116,238
1278,-18,114,238
1280,-18,114,230
1281,-20,116,242
1283,-16,114,248
1284,-22,114,232
1286,-16,122,236
1287,-20,112,238
1289,-20,118,236
1290,-24,116,230
1292,-10,112,234
1293,-18,112,232
1295,-22,112,236
1296,-16,118,238
1298,-20,116,238
1300,-24,114,246
1301,-16,120,228
1303,-16,120,236
1304,-20,114,238
1306,-16,112,238
1307,-18,128,230
1309,-18,110,236
1310,-22,112,232
1312,-18,118,234
1313,-22,114,236
1315,-18,114,234
1317,-20,114,238
1318,-20,118,244
1320,-18,112,242
1321,-16,114,236
1323,-16,112,240
1324,-20,116,228
1326,-18,116,238
1327,-22,112,234
1329,-18,112,244
1330,-18,120,236
1332,-20,114,234
1334,-22,120,234
1335,-20,110,248
1337,-24,116,242
1338,-22,118,236
1340,-24,112,232
1341,-20,116,234
1343,-24,118,230
1344,-12,118,234
1346,-18,110,234
1347,-16,112,236
1349,-20,114,220
1350,-6,114,238
1352,-26,118,234
1353,-18,114,236
1355,-18,120,236
1357,-20,122,240
1358,-20,114,242
1360,-20,116,234
1361,-18,118,236
1363,-20,118,238
1364,-18,102,236
1366,-16,112,234
1367,-20,114,246
1369,-18,110,240
1370,-24,116,238
1372,-20,116,234
1374,-18,118,244
1375,-16,112,230
1377,-10,112,240
1378,-22,114,240
1380,-18,114,238
1381,-18,120,230
1383,-8,112,242
1384,-16,114,240
1386,-26,112,238
1387,-16,114,242
1389,-20,120,236
1390,-18,116,238
1392,-18,114,238
1394,-22,116,236
1395,-16,110,240
1397,-20,106,230
1398,-24,120,236
1400,-18,114,246
1401,-22,114,236
1403,-24,118,232
1404,-16,116,236
1406,-22,116,238
1407,-20,118,238
1409,-14,112,236
1410,-20,112,236
1412,-18,114,236
1414,-18,114,228
1415,-18,112,238
1417,-28,114,240
1418,-18,114,242
1420,-16,118,230
1421,-18,112,254
1423,-20,116,248
1424,-18,112,238
1426,-18,126,232
1427,-18,114,236
1429,-16,108,234
1431,-18,112,234
1432,-14,116,236
1434,-16,110,238
1435,-18,112,244
1437,-16,116,236
1438,-22,116,238
1440,-18,108,230
1441,-22,118,236
1443,-20,114,238
1444,-18,118,236
1446,-20,114,236
1448,-20,128,236
1449,-18,122,232
1451,-22,112,230
1452,-20,116,236
1454,-18,114,236
1455,-22,116,236
1457,-24,118,230
1458,-18,114,240
1460,-22,112,238
1461,-16,114,236
1463,-20,116,236
1464,-20,112,246
1466,-24,114,240
1468,-20,124,232
1469,-24,116,238
1471,-24,116,232
1472,-22,112,220
1474,-6,110,240
1475,-22,112,240
1477,-20,120,238
1478,-18,112,242
1480,-24,112,240
1481,-24,120,230
1483,-22,114,232
1484,-18,116,240
1486,-22,114,228
1488,-20,114,236
1489,-18,116,234
1491,-28,112,236
1492,-18,112,234
1494,-18,110,238
1495,-18,116,236
1497,-20,112,240
1498,-22,118,240
1500,-18,114,240
1501,-18,110,242
1503,-20,112,232
1505,-16,112,228
1506,-12,110,236
1508,-16,110,238
1509,-16,116,238
1511,-16,114,238
1512,-16,114,240
1514,-32,118,238
1515,-22,116,242
1517,-20,118,236
1518,-20,118,240
1520,-18,110,236
1521,-16,118,242
1523,-12,120,232
1525,-18,112,240
1526,-20,112,236
1528,-20,116,234
1529,-16,110,238
1531,-18,108,238
1532,-16,114,234
1534,-24,116,242
1535,-16,112,236
1537,-20,114,240
1538,-20,122,232
1540,-18,118,230
1542,-20,116,228
1543,-14,112,236
1545,-16,112,236
1546,-14,116,232
1548,-20,114,238
1549,-24,112,252
1551,-24,112,240
1552,-16,114,234
1554,-18,114,230
1555,-20,116,244
1557,-12,112,244
1559,-20,114,238
1560,-20,122,234
1562,-16,116,240
1563,-20,116,232
1565,-20,112,228
1566,-10,112,238
1568,-24,114,232
1569,-20,116,234
1571,-20,114,238
1572,-18,114,254
1574,-26,120,240
1575,-20,124,236
1577,-22,118,234
1579,-18,118,238
1580,-18,118,236
1582,-20,112,240
1583,-20,122,230
1585,-20,116,238
1586,-20,118,240
1588,-16,112,232
1589,-18,114,236
1591,-18,104,234
1592,-16,118,232
1594,-20,116,242
1596,-16,114,240
1597,-18,114,236
1599,-18,130,234
1600,-20,118,236
1602,-20,110,238
1603,-20,112,234
1605,-18,112,236
1606,-20,120,234
1608,-24,112,238
1609,-22,120,240
1611,-26,118,240
1613,-16,112,242
1614,-18,114,238
1616,-18,116,232
1617,-22,112,224
1619,-12,114,242
1620,-18,110,236
1622,-22,112,240
1623,-18,118,238
1625,-20,112,230
1626,-12,112,238
1628,-18,110,234
1629,-20,112,238
1631,-20,110,236
1633,-20,114,250
1634,-28,116,240
1636,-18,120,238
1637,-20,116,238
1639,-16,112,240
1640,-20,112,222
1642,-8,108,238
1643,-16,116,236
1645,-16,114,236
1646,-18,112,236
1648,-24,128,234
1649,-20,118,236
1651,-20,118,226
1653,-20,112,234
1654,-20,122,236
1656,-14,102,230
1657,-20,118,238
1659,-14,112,248
1660,-18,114,234
1662,-16,110,236
1663,-22,120,232
1665,-18,118,232
1666,-16,114,232
1668,-8,112,244
1669,-18,116,240
1671,-20,118,250
1673,-24,114,242
1674,-14,116,238
1676,-16,116,232
1677,-18,114,236
1679,-20,112,232
1680,-22,112,234
1682,-28,116,240
1683,-16,118,238
1685,-22,118,238
1686,-16,110,238
1688,-32,114,234
1689,-18,118,234
1691,-16,110,228
1693,-20,112,236
1694,-16,114,238
1696,-20,116,248
1697,-20,124,238
1699,-20,118,238
1700,-18,116,232
1702,-18,118,238
1703,-24,114,240
1705,-18,102,232
1706,-18,116,240
1708,-16,112,240
1710,-16,112,232
1711,-22,112,238
1713,-18,122,240
1714,-18,114,236
1716,-24,112,230
1717,-14,116,234
1719,-22,116,238
1720,-24,118,238
1722,-20,114,226
1723,-22,112,248
1725,-32,118,238
1727,-20,116,240
1728,-18,114,230
1730,-16,116,242
1731,-26,114,238
1733,-12,126,238
1734,-20,120,228
1736,-18,114,234
1737,-18,120,236
1739,-22,114,240
1740,-20,124,232
1742,-20,112,240
1743,-20,116,232
1745,-16,114,236
1747,-18,114,238
1748,-18,112,238
1750,-20,114,234
1751,-20,112,238
1753,-22,120,242
1754,-18,118,238
1756,-20,114,236
1757,-20,116,216
1759,-20,114,236
1760,-18,116,236
1762,-24,116,240
1764,-16,110,232
1765,-22,118,230
1767,-14,112,238
1768,-16,112,244
1770,-24,118,238
1771,-20,120,238
1773,-20,108,248
1774,-24,110,240
1776,-18,120,236
1777,-16,116,240
1779,-18,116,240
1781,-22,116,212
1782,-6,112,236
1784,-16,116,234
1785,-18,116,234
1787,-20,114,238
1788,-16,124,236
1790,-20,118,238
1791,-22,112,230
1793,-26,120,234
1794,-22,114,236
1796,-18,116,238
1797,-20,112,230
1799,-28,114,238
1800,-14,112,236
1802,-20,114,238
1804,-22,118,240
1805,-20,114,248
1807,-24,118,238
1808,-18,120,236
1810,-14,112,236
1811,-18,114,230
1813,-18,114,224
1814,-8,108,232
1816,-24,118,240
1817,-16,112,236
1819,-18,112,242
1820,-16,124,230
1822,-18,114,240
1824,-24,114,238
1825,-18,110,236
1827,-18,114,240
1828,-16,102,234
1830,-24,116,236
1831,-16,114,242
1833,-18,114,236
1834,-16,114,242
1836,-18,118,238
1837,-16,114,232
1839,-18,116,232
1841,-12,112,236
1842,-26,114,236
1844,-22,108,240
1845,-18,120,230
1847,-24,114,236
1848,-20,110,240
1850,-18,116,236
1851,-20,116,236
1853,-20,114,254
1854,-26,112,242
1856,-20,124,232
1857,-14,114,236
1859,-18,116,240
1861,-22,114,244
1862,-14,112,242
1864,-16,124,234
1865,-16,114,236
1867,-20,114,238
1868,-18,114,240
1870,-14,116,232
1871,-18,112,236
1873,-16,116,238
1874,-18,112,244
1876,-20,114,238
1878,-16,120,234
1879,-18,116,230
1881,-20,120,230
1882,-12,112,238
1884,-18,116,236
1885,-18,118,240
1887,-20,116,238
1888,-20,108,230
1890,-12,114,238
1891,-22,120,238
1893,-16,112,236
1895,-18,112,238
1896,-20,112,250
1898,-24,116,240
1899,-14,114,236
1901,-18,114,236
1902,-24,114,242
1904,-20,114,236
1905,-6,112,240
1907,-22,114,240
1908,-22,118,236
1910,-14,110,238
1911,-14,128,230
1913,-20,120,238
1914,-20,114,234
1916,-22,118,236
1918,-20,114,238
1919,-22,116,238
1921,-18,110,236
1922,-26,116,236
1924,-22,114,236
1925,-18,118,240
1927,-20,116,234
1928,-16,112,246
1930,-22,116,240
1931,-20,120,236
1933,-18,114,236
1935,-16,112,228
1936,-16,112,230
1938,-6,110,234
1939,-14,116,238
1941,-18,116,236
1942,-16,114,236
1944,-20,124,232
1945,-18,120,232
1947,-18,112,232
1948,-20,112,240
1950,-14,116,230
1951,-16,114,232
1953,-22,118,246
1955,-16,110,242
1956,-20,116,240
1958,-22,120,238
1959,-20,116,228
1961,-20,112,244
1962,-24,114,236
1964,-16,120,234
1965,-22,118,232
1967,-14,116,242
1968,-18,112,232
1970,-12,112,232
1971,-20,114,240
1973,-18,118,238
1975,-20,116,240
1976,-18,114,240
1978,-18,106,228
1979,-14,114,230
1981,-22,114,234
1982,-16,116,236
1984,-16,112,236
1985,-24,128,234
1987,-18,114,238
1988,-18,114,234
1990,-18,120,242
1992,-20,116,238
1993,-16,116,232
1995,-16,116,242
1996,-22,108,240
1998,-24,118,240
1999,-16,114,238
2001,-18,112,242
2002,-24,116,252
2004,-22,116,236
2005,-20,118,236
2007,-18,114,236
2009,-22,112,238
2010,-22,114,226
2012,-8,108,236
2013,-16,110,236
2015,-16,110,232
2016,-20,112,238
2018,-12,120,232
2019,-20,114,240
2021,-20,114,240
2022,-18,114,240
2024,-20,116,236
2025,-16,112,236
2027,-20,114,228
2028,-26,116,240
2030,-18,114,236
2032,-20,116,238
2033,-20,118,236
2035,-16,112,250
2036,-26,120,242
2038,-16,120,240
2039,-24,118,240
2041,-20,112,240
2042,-22,114,230
2044,-4,108,238
2045,-18,114,230
2047,-20,112,238
2048,-16,108,242
2050,-20,124,234
2052,-16,118,234
2053,-18,112,232
2055,-22,118,240
2056,-20,116,240
2058,-16,116,232
2059,-24,120,246
2061,-18,116,246
2062,-20,116,236
2064,-16,118,230
2065,-18,114,236
2067,-16,112,250
2069,-18,112,240
2070,-16,116,230
2072,-16,114,236
2073,-22,118,244
2075,-18,116,224
2076,-6,112,230
2078,-18,118,238
2079,-16,114,234
2081,-16,124,236
2082,-14,118,232
2084,-22,118,230
2085,-18,114,238
2087,-18,116,238
2088,-24,112,236
2090,-16,114,242
2092,-22,116,244
2093,-20,112,240
2095,-16,114,232
2096,-18,114,234
2098,-22,118,232
2099,-16,114,220
2101,-14,112,242
2102,-16,110,240
2104,-14,112,232
2105,-20,114,234
2107,-24,114,234
2109,-16,118,230
2110,-20,114,236
2112,-20,114,234
2113,-18,114,234
2115,-18,110,240
2116,-24,112,242
2118,-20,120,234
2119,-16,112,234
2121,-20,114,238
2122,-24,120,222
2124,-8,114,242
2125,-16,112,236
2127,-22,118,232
2129,-18,118,230
2130,-24,122,236
2132,-20,112,234
2133,-16,118,240
2135,-20,114,236
2136,-22,120,236
2138,-16,114,236
2139,-24,112,230
2141,-26,118,238
2142,-16,112,238
2144,-18,114,236
2145,-18,114,240
2147,-32,118,230
2149,-20,114,240
2150,-22,112,234
2152,-22,114,234
2153,-18,114,240
2155,-14,110,240
2156,-18,124,232
2158,-18,116,232
2159,-20,114,238
2161,-20,114,240
2162,-22,116,234
2164,-18,112,232
2166,-20,118,246
2167,-26,114,236
2169,-18,112,238
2170,-18,114,240
2172,-18,116,234
2173,-16,116,250
2175,-26,114,240
2176,-22,118,234
2178,-18,116,236
2179,-20,118,232
2181,-12,114,238
2183,-12,120,236
2184,-18,114,236
2186,-20,118,236
2187,-20,112,236
2189,-20,116,232
2190,-16,108,240
2192,-20,126,232
2193,-16,114,240
2195,-20,118,236
2196,-16,114,236
2198,-14,130,232
2199,-18,126,232
2201,-16,114,234
2203,-18,116,240
2204,-16,112,238
2206,-18,112,230
2207,-18,108,230
2209,-16,118,238
2210,-16,118,240
2212,-16,110,232
2213,-18,112,238
2215,-18,120,232
2216,-22,116,230
2218,-20,112,230
2220,-20,114,232
2221,-20,114,238
2223,-18,116,238
2224,-18,118,228
2226,-22,112,230
2227,-24,114,242
2229,-20,112,232
2230,-18,114,234
2232,-16,110,248
2233,-24,112,236
2235,-18,120,238
2237,-20,112,232
2238,-16,110,236
2240,-22,112,214
2241,-6,106,240
2243,-20,112,238
2244,-20,116,234
2246,-14,108,242
2247,-18,126,238
2249,-16,116,236
2250,-20,112,240
2252,-18,118,232
2253,-18,116,230
2255,-22,120,230
2256,-18,116,232
2258,-22,110,238
2260,-16,112,236
2261,-20,116,232
2263,-18,114,238
2264,-18,118,252
2266,-26,116,238
2267,-18,120,238
2269,-16,112,236
2270,-18,112,234
2272,-20,112,224
2273,-14,112,238
2275,-20,112,234
2277,-16,118,238
2278,-18,114,236
2280,-18,114,238
2281,-32,116,236
2283,-18,114,236
2284,-18,116,236
2286,-22,118,232
2287,-18,114,236
2289,-18,118,242
2290,-16,120,234
2292,-22,116,236
2294,-26,116,236
2295,-20,118,240
2297,-20,114,234
2298,-14,104,234
2300,-18,118,236
2301,-24,118,242
2303,-16,116,234
2304,-18,114,236
2306,-20,112,236
2307,-24,116,242
2309,-18,114,230
2310,-14,110,240
2312,-16,112,238
2314,-18,114,234
2315,-16,112,232
2317,-12,114,234
2318,-14,112,234
2320,-20,116,236
2321,-20,114,232
2323,-20,114,252
2324,-26,112,238
2326,-16,124,238
2327,-18,114,230
2329,-22,112,234
2331,-24,114,242
2332,-16,128,238
2334,-20,112,236
2335,-18,112,234
2337,-16,114,240
2338,-22,116,240
2340,-22,116,232
2341,-18,114,234
2343,-18,108,246
2344,-20,114,238
2346,-24,112,234
2348,-20,116,236
2349,-18,118,244
2351,-20,108,244
2352,-14,118,238
2354,-16,114,236
2355,-18,116,232
2357,-24,118,224
2358,-8,110,236
2360,-20,118,236
2361,-16,112,238
2363,-20,114,236
2364,-18,126,238
2366,-16,118,236
2367,-24,116,230
2369,-16,114,238
2371,-20,112,236
2372,-20,104,232
2374,-22,120,234
2375,-18,116,242
2377,-20,114,238
2378,-14,112,240
2380,-26,120,246
2381,-22,114,254
2383,-22,110,238
2384,-12,112,236
2386,-18,114,236
2388,-26,118,236
2389,-16,112,232
2391,-12,114,242
2392,-24,116,240
2394,-16,116,238
2395,-20,114,234
2397,-16,116,238
2398,-36,118,234
2400,-22,118,240
2401,-16,124,228
2403,-16,114,234
2405,-16,114,230
2406,-16,114,238
2408,-18,126,230
2409,-16,116,232
2411,-22,120,234
2412,-20,112,244
2414,-16,114,240
2415,-20,108,234
2417,-22,118,236
2418,-16,112,242
2420,-20,112,242
2421,-14,114,240
2423,-18,114,236
2425,-18,114,232
2426,-20,118,232
2428,-10,112,236
2429,-18,114,232
2431,-18,116,240
2432,-16,114,226
2434,-20,114,244
2435,-26,114,240
2437,-20,118,232
2438,-16,114,240
2440,-20,114,248
2442,-28,114,234
2443,-20,112,232
2445,-22,122,236
2446,-18,116,232
2448,-18,116,236
2449,-20,112,232
2451,-8,112,236
2452,-18,112,238
2454,-16,114,236
2455,-12,120,242
2457,-18,128,226
2458,-24,120,232
2460,-20,114,232
2462,-18,114,236
2463,-16,116,232
2465,-20,112,238
2466,-20,112,240
2468,-24,114,240
2469,-18,116,238
2471,-16,116,236
2472,-20,116,236
2474,-24,114,224
2475,-8,112,244
2477,-14,116,234
2478,-20,110,250
2480,-24,112,240
2481,-20,120,232
2483,-16,118,234
2485,-18,114,236
2486,-18,114,218
2488,-10,114,242
2489,-24,108,232
2491,-22,116,240
2492,-18,112,236
2494,-16,120,236
2495,-22,102,234
2497,-20,116,236
2498,-22,114,242
2500,-20,114,236
2502,-18,112,234
2503,-18,114,232
2505,-20,116,232
2506,-14,116,236
2508,-14,112,236
2509,-22,116,240
2511,-18,116,238
2512,-20,118,226
2514,-12,114,238
2515,-16,106,236
2517,-16,118,232
2519,-16,116,236
2520,-18,114,234
2522,-28,120,240
2523,-20,114,240
2525,-20,118,236
2526,-20,116,238
2528,-20,114,232
2529,-20,118,236
2531,-22,118,230
2532,-20,118,232
2534,-12,110,240
2535,-18,110,236
2537,-18,110,236
2539,-16,114,230
2540,-10,114,234
2542,-10,110,236
2543,-20,118,240
2545,-24,116,236
2546,-18,116,234
2548,-22,116,240
2549,-26,128,238
2551,-24,120,236
2552,-16,110,240
2554,-16,114,238
2556,-18,124,236
2557,-16,120,230
2559,-20,112,238
2560,-20,114,234
2562,-22,114,246
2563,-16,118,234
2565,-18,114,238
2566,-22,112,242
2568,-24,116,238
2569,-16,112,240
2571,-20,116,238
2573,-16,114,226
2574,-20,118,226
2576,-18,114,238
2577,-20,114,232
2579,-18,112,240
2580,-18,108,236
2582,-22,114,234
2583,-12,114,236
2585,-16,108,230
2586,-20,118,234
2588,-20,114,242
2589,-20,110,248
2591,-24,118,236
2593,-18,124,238
2594,-20,114,240
2596,-22,116,238
2597,-16,114,238
2599,-20,122,234
2600,-20,116,236
2602,-20,110,230
2603,-18,120,236
2605,-18,114,246
2606,-16,100,238
2608,-20,116,234
2610,-26,116,240
2611,-16,112,240
2613,-20,118,240
2614,-22,116,238
2616,-18,112,232
2617,-22,118,238
2619,-20,116,234
2620,-16,112,236
2622,-18,114,244
2623,-14,96,240
2625,-12,112,242
2626,-22,118,236
2628,-16,112,238
2630,-18,114,230
2631,-22,110,234
2633,-24,112,242
2634,-24,116,236
2636,-18,116,238
2637,-18,114,238
2639,-26,114,238
2640,-24,116,244
2642,-18,122,240
2643,-20,112,244
2645,-18,112,236
2646,-18,112,242
2648,-8,104,240
2649,-16,112,238
2651,-22,112,238
2653,-16,112,246
2654,-20,124,232
2656,-22,118,232
2657,-22,114,240
2659,-20,114,238
2660,-20,112,240
2662,-18,114,242
2663,-20,118,246
2665,-26,114,234
2666,-22,108,238
2668,-20,114,234
2670,-22,118,238
2671,-18,116,248
2673,-22,114,232
2674,-18,116,238
2676,-20,116,236
2677,-18,112,236
2679,-20,116,226
2680,-12,110,234
2682,-18,108,238
2683,-18,112,234
2685,-24,118,234
2687,-16,112,252
2688,-26,114,242
2690,-20,126,234
2691,-20,114,230
2693,-18,112,240
2694,-16,114,238
2696,-20,126,236
2697,-20,114,232
2699,-20,112,234
2700,-16,112,236
2702,-18,112,232
2703,-18,116,230
2705,-22,114,236
2707,-20,112,248
2708,-28,118,240
2710,-20,116,236
2711,-16,116,236
2713,-22,120,248
2714,-20,110,232
2716,-8,116,242
2717,-20,112,236
2719,-22,116,238
2720,-24,112,238
2722,-22,120,238
2723,-24,118,236
2725,-16,116,232
2727,-14,114,236
2728,-20,126,236
2730,-16,112,232
2731,-20,120,234
2733,-16,112,240
2734,-16,116,234
2736,-16,104,232
2737,-20,114,238
2739,-18,114,242
2740,-18,114,240
2742,-20,112,240
2744,-20,114,232
2745,-22,112,228
2747,-20,114,230
2748,-12,110,236
2750,-18,116,234
2751,-24,116,240
2753,-18,114,228
2754,-10,114,246
2756,-18,110,238
2757,-24,120,240
2759,-14,112,228
2760,-18,116,236
2762,-28,114,238
2764,-16,112,232
2765,-18,118,240
2767,-16,114,232
2768,-20,116,238
2770,-20,120,236
2771,-22,118,232
2773,-24,112,232
2774,-12,114,242
2776,-22,114,238
2777,-20,116,244
2779,-22,114,228
2781,-14,112,230
2782,-20,116,238
2784,-20,112,236
2785,-20,116,230
2787,-20,116,256
2788,-26,116,242
2790,-24,124,244
2791,-18,126,232
2793,-18,114,242
2794,-20,114,238
2796,-20,114,228
2798,-14,114,234
2799,-20,112,240
2801,-18,118,234
2802,-16,114,240
2804,-20,114,234
2805,-24,116,240
2807,-20,126,232
2808,-20,118,234
2810,-20,114,236
2811,-20,114,238
2813,-18,110,242
2814,-16,120,232
2816,-26,114,240
2818,-22,118,236
2819,-20,114,242
2821,-16,112,234
2822,-18,108,236
2824,-24,114,234
2825,-22,114,242
2827,-18,112,242
2828,-16,112,240
2830,-22,128,232
2831,-20,116,234
2833,-24,114,234
2835,-18,112,240
2836,-22,118,238
2838,-18,118,234
2839,-20,116,238
2841,-20,114,244
2842,-18,114,234
2844,-22,120,236
2845,-20,114,240
2847,-20,116,232
2848,-14,112,232
2850,-10,112,238
2852,-20,120,238
2853,-16,112,236
2855,-12,116,212
2856,-18,112,236
2858,-12,112,238
2859,-22,114,234
2861,-16,110,236
2862,-16,112,240
2864,-20,118,240
2865,-18,116,236
2867,-18,116,236
2868,-20,112,238
2870,-16,114,238
2872,-18,114,242
2873,-16,124,238
2875,-14,114,232
2876,-16,114,232
2878,-18,114,234
2879,-18,116,238
2881,-16,116,236
2882,-20,116,234
2884,-22,114,242
2885,-20,118,234
2887,-16,118,236
2889,-20,114,242
2890,-18,118,248
2892,-26,118,236
2893,-20,124,240
2895,-16,118,238
2896,-18,112,236
2898,-16,120,228
2899,-12,114,234
2901,-20,108,238
2902,-16,114,238
2904,-20,112,234
2906,-16,118,242
2907,-32,114,236
2909,-20,112,240
2910,-16,114,236
2912,-18,114,232
2913,-22,118,236
2915,-16,116,244
2916,-14,122,236
2918,-20,118,232
2919,-22,110,234
2921,-20,114,238
2922,-18,114,234
2924,-18,116,238
2926,-18,112,250
2927,-26,114,238
2929,-20,112,236
2930,-18,116,236
2932,-22,114,238
2933,-16,114,248
2935,-26,116,238
2936,-24,122,234
2938,-20,118,232
2939,-20,110,236
2941,-14,114,236
2943,-16,118,234
2944,-18,116,234
2946,-20,112,238
2947,-14,112,240
2949,-18,116,236
2950,-22,110,236
2952,-20,114,242
2953,-20,120,248
2955,-18,116,236
2956,-16,112,236
2958,-20,126,238
2960,-22,112,236
2961,-20,114,230
2963,-16,118,240
2964,-18,114,236
2966,-18,114,230
2967,-18,116,236
2969,-16,114,248
2970,-20,112,242
2972,-16,116,232
2973,-20,118,234
2975,-20,116,234
2976,-16,114,224
2978,-16,112,242
2980,-18,118,232
2981,-14,112,238
2983,-20,120,230
2984,-16,114,226
2986,-14,112,238
2987,-18,114,236
2989,-16,114,242
2990,-16,108,242
2992,-18,110,242
2993,-24,120,240
2995,-14,124,230
2997,-18,116,238
2998,-22,116,234
3000,-18,114,238
3001,-10,114,240
3003,-18,108,234
3004,-16,116,234
3006,-18,116,240
3007,-18,114,240
3009,-16,96,238
3010,-16,114,234
3012,-18,116,240
3013,-16,114,242
3015,-16,112,238
3017,-18,114,232
3018,-26,118,236
3020,-20,112,236
3021,-18,112,234
3023,-20,114,240
3024,-18,114,250
3026,-26,112,240
3027,-20,116,232
3029,-24,116,234
3030,-18,112,236
3032,-20,118,240
3033,-8,112,236
3035,-20,118,236
3036,-16,114,234
3038,-20,116,238
3040,-16,120,232
3041,-20,114,240
3043,-22,114,236
3044,-20,114,238
3046,-20,114,234
3047,-16,114,238
3049,-18,118,236
3050,-18,118,246
3052,-22,116,234
3053,-20,112,236
3055,-20,114,236
3057,-20,114,242
3058,-18,114,238
3060,-16,116,236
3061,-18,116,234
3063,-20,122,234
3064,-16,114,226
3066,-12,116,232
3067,-20,112,232
3069,-18,120,234
3070,-18,120,238
3072,-20,114,256
3074,-28,118,236
3075,-14,122,234
3077,-22,116,234
3078,-16,114,232
3080,-22,116,238
3081,-14,112,234
3083,-18,118,232
3084,-20,114,240
3086,-18,112,238
3087,-20,112,236
3089,-18,112,238
3090,-18,108,234
3092,-24,120,232
3094,-16,112,244
3095,-18,114,234
3097,-20,110,238
3098,-18,130,234
3100,-20,114,236
3101,-26,116,234
3103,-24,116,232
3104,-20,114,240
3106,-20,116,236
3107,-26,118,236
3109,-18,110,240
3111,-24,120,236
3112,-24,118,238
3114,-22,112,236
3115,-20,114,242
3117,-24,108,242
3118,-14,112,240
3120,-22,116,238
3121,-16,112,238
3123,-22,114,224
3124,-8,110,232
3126,-20,118,236
3127,-22,112,234
3129,-22,112,238
3131,-16,124,230
3132,-18,120,238
3134,-26,120,232
3135,-20,116,240
3137,-20,118,240
3138,-22,106,230
3140,-18,116,236
3141,-16,112,240
3143,-20,112,234
3144,-18,116,230
3146,-16,114,238
3147,-24,116,240
3149,-20,114,242
3151,-18,118,236
3152,-18,112,236
3154,-16,110,244
3155,-20,116,230
3157,-8,110,236
3158,-18,116,236
3160,-18,116,232
3161,-22,116,240
3163,-20,120,234
3164,-18,118,238
3166,-18,118,234
3167,-20,120,236
3169,-20,112,238
3171,-16,106,230
3172,-16,116,240
3174,-18,118,238
3175,-16,114,236
3177,-16,112,230
3178,-20,118,236
3180,-20,114,232
3181,-16,116,240
3183,-16,112,244
3184,-16,110,236
3186,-20,118,228
3188,-16,114,240
3189,-20,114,252
3191,-20,114,242
3192,-20,120,238
3194,-20,114,236
3195,-22,120,246
3197,-20,116,248
3198,-22,114,240
3200,-18,120,234
3201,-18,112,238
3203,-18,112,238
3204,-22,114,232
3206,-8,112,238
3207,-22,112,232
3209,-18,116,238
3211,-18,126,234
3212,-22,118,234
3214,-18,114,240
3215,-20,112,238
3217,-20,112,236
3218,-18,120,232
3220,-16,114,234
3221,-20,112,246
3223,-16,114,240
3224,-18,114,238
3226,-20,112,236
3228,-20,110,248
3229,-22,114,234
3231,-18,118,232
3232,-20,112,238
3234,-16,118,234
3235,-18,110,234
3237,-14,118,236
3238,-12,104,234
3240,-20,114,230
3241,-14,114,240
3243,-20,116,242
3245,-18,100,242
3246,-20,114,236
3248,-20,112,248
3249,-20,116,238
3251,-20,116,238
3252,-16,114,236
3254,-20,114,238
3255,-16,112,236
3257,-12,110,238
3258,-18,114,232
3260,-20,114,238
3261,-20,116,232
3263,-20,112,242
3265,-26,118,232
3266,-20,120,232
3268,-18,112,242
3269,-24,116,230
3271,-16,114,250
3272,-20,114,238
3274,-24,120,238
3275,-18,114,236
3277,-20,116,242
3278,-18,116,234
3280,-8,112,240
3281,-18,114,238
3283,-18,114,236
3285,-16,112,232
3286,-12,120,236
3288,-18,114,232
3289,-18,114,238
3291,-20,116,240
3292,-20,114,242
3294,-16,112,232
3295,-18,118,236
3297,-18,118,246
3298,-20,116,234
3300,-22,118,238
3302,-16,116,236
3303,-20,120,242
3305,-22,114,236
3306,-14,112,234
3308,-20,114,242
3309,-18,114,232
3311,-22,114,224
3312,-12,114,234
3314,-26,114,238
3315,-18,110,238
3317,-16,114,238
3318,-16,114,252
3320,-32,124,238
3322,-20,126,236
3323,-16,116,232
3325,-20,116,230
3326,-22,116,240
3328,-14,112,236
3329,-22,122,230
3331,-16,114,234
3332,-22,116,232
3334,-16,110,236
3335,-20,110,232
3337,-20,110,234
3339,-16,116,234
3340,-22,116,242
3342,-18,114,238
3343,-14,108,232
3345,-20,128,234
3346,-24,114,232
3348,-22,116,230
3349,-18,112,236
3351,-18,114,232
3352,-16,116,236
3354,-16,118,238
3356,-20,110,242
3357,-22,112,240
3359,-26,112,236
3360,-18,118,226
3362,-20,114,246
3363,-22,118,240
3365,-18,116,240
3366,-18,116,236
3368,-18,114,236
3369,-20,116,220
3371,-14,114,236
3372,-22,112,240
3374,-12,116,232
3376,-22,114,240
3377,-20,116,240
3379,-20,116,240
3380,-14,104,236
3382,-18,112,238
3383,-20,116,236
3385,-22,120,236
3386,-16,112,234
3388,-18,126,236
3389,-20,118,238
3391,-18,114,240
3393,-18,110,238
3394,-16,118,240
3396,-20,102,232
3397,-16,118,240
3399,-20,118,248
3400,-20,114,236
3402,-14,114,236
3403,-18,114,236
3405,-20,112,238
3406,-18,114,230
3408,-22,118,234
3410,-20,116,238
3411,-24,116,234
3413,-16,116,226
3414,-20,116,238
3416,-18,114,244
3417,-18,112,242
3419,-16,114,236
3420,-16,112,238
3422,-20,116,234
3423,-16,114,232
3425,-18,114,236
3426,-16,110,240
3428,-26,114,232
3430,-22,114,240
3431,-26,112,232
3433,-28,120,240
3434,-22,118,236
3436,-14,114,238
3437,-24,120,230
3439,-20,118,252
3440,-22,114,246
3442,-20,120,232
3443,-18,110,232
3445,-16,114,244
3447,-20,118,224
3448,-8,114,236
3450,-20,116,236
3451,-18,116,234
3453,-24,116,240
3454,-18,120,234
3456,-22,120,240
3457,-20,112,236
3459,-22,116,236
3460,-20,112,240
3462,-16,104,234
3463,-18,110,234
3465,-18,116,244
3467,-20,118,238
3468,-18,116,236
3470,-20,116,236
3471,-20,114,232
3473,-16,112,232
3474,-16,112,240
3476,-20,116,236
3477,-20,114,236
3479,-20,112,238
3480,-22,112,254
3482,-22,114,238
3483,-22,114,234
3485,-16,112,234
3487,-24,122,236
3488,-16,116,240
3490,-22,112,236
3491,-22,120,240
3493,-20,114,238
3494,-18,116,232
3496,-18,114,226
3497,-10,116,234
3499,-14,106,238
3500,-16,116,242
3502,-18,114,230
3504,-22,116,256
3505,-30,120,240
3507,-18,124,232
3508,-16,118,238
3510,-16,118,234
3511,-20,118,240
3513,-18,114,240
3514,-16,112,238
3516,-20,112,230
3517,-18,116,238
3519,-14,116,236
3521,-20,112,236
3522,-20,110,238
3524,-20,118,236
3525,-18,116,242
3527,-24,116,232
3528,-18,116,234
3530,-18,126,240
3531,-20,120,236
3533,-22,116,236
3534,-20,114,234
3536,-22,114,238
3537,-18,112,226
3539,-16,108,234
3541,-22,120,232
3542,-20,118,240
3544,-20,116,238
3545,-22,116,238
3547,-16,126,236
3548,-20,118,232
3550,-20,112,232
3551,-18,112,234
3553,-16,110,236
3554,-16,118,226
3556,-18,114,244
3558,-22,112,248
3559,-24,118,238
3561,-16,118,238
3562,-22,118,240
3564,-20,114,232
3565,-20,116,228
3567,-12,110,242
3568,-16,114,238
3570,-16,112,238
3571,-14,110,236
3573,-24,122,236
3575,-20,112,250
3576,-26,120,242
3578,-20,116,238
3579,-24,120,230
3581,-20,118,232
3582,-20,112,228
3584,-10,112,242
3585,-20,112,238
3587,-18,110,234
3588,-20,118,238
3590,-20,112,232
3591,-12,110,234
3593,-20,112,240
3595,-16,116,238
3596,-16,112,238
3598,-22,116,252
3599,-26,116,238
3601,-20,122,232
3602,-18,116,236
3604,-20,114,238
3605,-18,114,218
3607,0,108,234
3608,-18,118,236
3610,-14,106,232
3611,-22,116,234
3613,-16,120,242
3614,-20,114,238
3616,-12,116,238
3618,-16,112,236
3619,-18,116,230
3621,-18,118,234
3622,-16,114,236
3624,-20,112,240
3625,-18,112,236
3627,-14,112,236
3628,-18,114,232
3630,-28,112,240
3631,-20,118,236
3633,-20,114,240
3635,-20,116,232
3636,-20,114,248
3638,-26,118,242
3639,-20,120,238
3641,-22,116,236
3642,-14,110,238
3644,-18,118,226
3645,-6,108,238
3647,-18,118,236
3648,-26,116,234
3650,-20,118,236
3651,-16,126,236
3653,-20,118,234
3654,-18,112,240
3656,-22,116,240
3658,-18,114,238
3659,-18,120,240
3661,-24,116,242
3662,-20,114,244
3664,-18,112,234
3665,-14,120,236
3667,-16,114,236
3668,-18,112,242
3670,-24,116,238
3671,-12,116,236
3673,-16,116,232
3675,-20,114,236
3676,-22,116,232
3678,-14,112,236
3679,-14,110,232
3681,-22,114,236
3682,-20,114,234
3684,-20,112,254
3685,-26,118,238
3687,-20,126,236
3688,-22,118,232
3690,-18,114,234
3692,-18,108,238
3693,-18,112,240
3695,-18,120,230
3696,-20,114,232
3698,-16,110,236
3699,-24,116,242
3701,-14,110,236
3702,-14,104,238
3704,-20,114,234
3705,-16,112,236
3707,-16,116,238
3708,-20,114,236
3710,-18,126,230
3712,-22,114,232
3713,-16,114,232
3715,-24,114,234
3716,-20,118,236
3718,-18,112,226
3719,-16,114,236
3721,-14,108,246
3722,-24,116,238
3724,-18,114,238
3725,-20,118,236
3727,-20,116,236
3729,-16,114,224
3730,-12,114,236
3732,-18,116,240
3733,-18,112,234
3735,-14,112,236
3736,-24,114,230
3738,-20,106,240
3739,-18,114,236
3741,-20,120,232
3742,-20,116,232
3744,-18,116,244
3746,-26,116,236
3747,-14,112,236
3749,-20,112,240
3750,-20,114,238
3752,-18,114,218
3753,-22,108,228
3755,-16,114,236
3756,-20,110,238
3758,-24,114,236
3759,-20,116,234
3761,-20,110,254
3762,-28,120,242
3764,-16,122,236
3766,-18,114,232
3767,-18,112,238
3769,-20,114,224
3770,0,108,234
3772,-22,112,238
3773,-18,100,234
3775,-20,116,240
3776,-22,116,244
3778,-24,114,232
3779,-18,116,242
3781,-14,110,236
3782,-22,118,226
3784,-22,118,238
3785,-18,112,234
3787,-16,114,240
3789,-20,118,236
3790,-20,118,236
3792,-20,112,230
3793,-28,118,238
3795,-20,116,242
3796,-18,112,240
3798,-18,116,236
3799,-16,112,246
3801,-24,118,242
3802,-18,122,240
3804,-18,112,236
3806,-16,110,238
3807,-20,120,224
3809,-10,118,238
3810,-22,112,236
3812,-18,114,234
3813,-22,118,236
3815,-20,118,236
3816,-30,116,236
3818,-22,114,244
3819,-24,120,234
3821,-22,118,236
3822,-20,112,236
3824,-16,114,238
3826,-18,124,232
3827,-20,112,234
3829,-22,114,234
3830,-18,114,232
3832,-20,112,236
3833,-20,108,232
3835,-18,114,236
3836,-20,114,242
3838,-20,114,238
3839,-24,118,238
3841,-18,118,242
3843,-18,116,230
3844,-22,124,232
3846,-14,110,238
3847,-20,114,234
3849,-20,114,232
3850,-18,112,236
3852,-20,114,246
3853,-26,110,236
3855,-20,116,238
3856,-20,116,238
3858,-14,114,236
3860,-20,114,244
3861,-20,114,242
3863,-18,114,240
3864,-20,118,232
3866,-22,114,238
3867,-18,118,222
3869,-12,116,228
3870,-16,108,240
3872,-20,114,236
3873,-18,118,236
3875,-20,116,252
3876,-28,118,238
3878,-18,124,234
3880,-16,114,238
3881,-20,116,236
3883,-16,116,236
3884,-16,114,238
3886,-20,120,228
3887,-18,114,236
3889,-16,114,234
3890,-18,116,240
3892,-18,114,234
3893,-20,106,230
3895,-22,116,228
3897,-22,112,238
3898,-20,116,232
3900,-16,114,242
3901,-16,130,236
3903,-20,116,230
3904,-24,114,232
3906,-22,116,238
3907,-18,116,238
3909,-18,112,230
3910,-18,116,240
3912,-20,114,248
3914,-20,116,234
3915,-14,112,236
3917,-14,114,236
3918,-20,114,238
3920,-18,116,224
3921,-14,114,236
3923,-20,118,236
3924,-22,114,234
3926,-18,114,224
3927,-20,110,232
3929,-16,118,240
3930,-20,110,230
3932,-14,116,238
3934,-14,118,238
3935,-16,108,236
3937,-20,108,240
3938,-22,114,232
3940,-18,114,244
3941,-18,114,236
3943,-18,116,232
3944,-20,128,238
3946,-20,118,236
3947,-20,114,236
3949,-20,112,236
3951,-24,118,234
3952,-20,110,234
3954,-22,112,226
3955,-28,112,234
3957,-18,112,236
3958,-18,112,238
3960,-22,112,242
3961,-20,116,244
3963,-22,118,244
3964,-22,120,238
3966,-22,116,236
3968,-16,114,238
3969,-18,116,230
3971,-12,118,242
3972,-20,112,238
3974,-20,116,242
3975,-12,112,236
3977,-18,114,240
3978,-32,120,242
3980,-18,112,240
3981,-18,114,238
3983,-22,120,232
3984,-14,112,232
3986,-20,114,236
3988,-14,126,232
3989,-18,120,230
3991,-20,114,238
3992,-20,114,238
3994,-16,116,238
3995,-18,108,236
3997,-20,118,236
3998,-20,118,246
4000,-18,116,232
4001,-16,116,238
4003,-18,120,240
4005,-16,112,230
4006,-16,120,234
4008,-10,110,232
4009,-16,114,240
4011,-20,118,238
4012,-16,114,238
4014,-26,112,256
4015,-22,112,236
4017,-20,112,238
4018,-18,110,230
4020,-20,110,252
4022,-24,114,236
4023,-20,120,236
4025,-18,114,238
4026,-18,120,238
4028,-22,112,236
4029,-16,122,230
4031,-16,120,236
4032,-20,116,230
4034,-22,114,238
4035,-20,110,236
4037,-20,118,230
4038,-18,112,238
4040,-18,110,244
4042,-18,116,240
4043,-18,114,240
4045,-22,118,234
4046,-22,120,236
4048,-16,114,220
4049,-6,112,238
4051,-20,120,234
4052,-16,112,250
4054,-24,114,240
4055,-18,120,236
4057,-20,112,236
4058,-18,114,232
4060,-18,110,220
4062,-8,110,238
4063,-14,108,238
4065,-16,116,230
4066,-18,116,240
4068,-18,124,232
4069,-18,114,240
4071,-24,116,234
4072,-18,118,238
4074,-20,116,234
4075,-18,124,240
4077,-20,114,232
4078,-32,110,236
4080,-22,114,234
4082,-18,116,238
4083,-22,118,232
4085,-16,114,254
4086,-24,116,240
4088,-16,124,234
4089,-18,112,232
4091,-16,116,240
4092,-22,116,222
4094,-8,118,234
4095,-18,114,232
4097,-20,114,240
4098,-16,114,238
4100,-16,122,236
4101,-16,120,240
4103,-24,120,232
4105,-14,114,238
4106,-18,114,240
4108,-22,106,236
4109,-18,112,232
4111,-20,114,248
4112,-20,122,234
4114,-20,114,236
4115,-20,116,236
4117,-18,114,242
4118,-24,114,234
4120,-16,118,238
4122,-18,118,232
4123,-16,114,234
4125,-16,116,238
4126,-18,122,232
4128,-20,116,238
4129,-18,114,232
4131,-20,114,246
4132,-20,112,234
4134,-16,110,230
4135,-18,114,248
4137,-18,114,242
4139,-22,118,238
4140,-16,112,234
4142,-20,116,240
4143,-20,114,228
4145,-12,114,238
4146,-18,118,236
4148,-22,114,242
4149,-18,114,220
4151,-26,114,230
4152,-12,110,230
4154,-14,114,238
4155,-16,116,232
4157,-20,112,236
4159,-16,110,238
4160,-22,106,236
4162,-22,118,234
4163,-22,116,240
4165,-18,112,236
4166,-20,118,242
